29.4178509124999
-4.3497954222147
6.16792438635271
29.2643773514524
11.6636354687614
-15.9239336619371
-10.1757834252062
12.0775260653511
-5.04034996447345
10.768095076699
0.977666811890652
21.2276229459816
7.60458744265873
-17.4441331327333
-9.66100693680374
34.8656398812279
-16.355964110563
-16.4742959325816
13.8630763928874
-12.9456460546111
12.2488660434297
7.0880346980261
2.00354198118015
3.70207393044435
4.03493096540766
0.628524459736038
-6.53853764906439
23.0284067466446
-6.85767581764737
-20.5894847619952
-8.55349506354545
-9.76682229492892
3.63436644974472
11.0057121834526
3.09104096519188
51.6249677023983
-3.67546906757666
-25.0253531480619
39.4621572784425
-9.23796461073002
10.3588517413727
15.8391630254366
5.68482406578499
12.4823868297993
-10.3997579486182
-5.30265157652045
1.0919523317325
18.1927864114411
24.2015714443911
30.9027949895525
-25.4729180147865
28.3346186481882
-3.35475987405303
12.4295603963291
-20.0129036181811
-11.8772054310869
3.02461257182652
15.8858105033829
-3.80963212464609
-8.95962412905268
32.9407181316105
20.9405562890348
-9.91175126359686
6.62147553022673
-0.523594543931759
7.53824187192233
-24.0232005023333
10.5912602548276
28.9072030476446
-36.2788802429215
-11.4057797417291
-17.3435621232189
-9.70583197166797
20.3107897412216
24.0916771515447
-2.71080159792259
2.25908803080083
24.7190442045042
2.93073217892704
20.7858227494393
-2.84198005567891
-0.876705147691431
6.66930602545397
20.6346720884222
4.66594606280604
-27.3417536262348
-7.15015179777247
17.1243116029461
-35.1907623480666
-10.1873133525038
-16.3031263687472
-19.6850880748887
9.02645558677228
16.455623954527
2.80798456998001
32.4825938988005
4.86158107594556
-16.5952066231495
1.64220823036402
-3.48287297708705
3.89629516753568
-25.7085151001049
-11.2515132153034
-2.92801716914874
-12.2430988763353
-9.00367830954947
-25.6997775999276
19.6815419626363
12.8119784268278
1.30735937585204
20.3655210862199
7.76559800473381
-5.18261771779723
22.3534210320911
8.84195985396476
22.1198267707613
0.231496688328497
-2.76537541459376
-0.243264067158057
-0.251256854945546
-26.8673122929077
-19.1187355442256
-26.4793210744077
-8.89127392467839
21.9431337329324
10.5906371941329
-0.234913355941143
9.97471874160007
-13.4208451210602
3.81856472973387
3.17981271555858
26.8148957615549
-27.3406085524734
-7.57493652102279
-17.3191307704207
-14.2923925064629
11.6021193619692
-3.27459622621066
16.511038016632
12.098785673254
-7.84843212658784
-18.9515612163378
6.96685498412693
-42.0075549663999
3.23289448506363
13.6011793418554
-17.0936389178793
-25.4226565733347
-20.6935762156443
-5.95945347797137
-24.8256078013682
-5.7577974259417
19.6463933297081
-12.0766631638708
-12.7711326848837
21.599104518777
-42.1590905034974
2.09217628896291
-21.1159412450985
18.9346154742411
12.2188319614464
-10.4466597285167
-5.1083148738038
-10.3479291455354
-21.2479912670432
-8.61992660562465
19.9506224484913
-21.173730075121
2.86170559414127
4.55090819040962
8.09482338210994
-8.23804923212026
-37.2885853143535
25.0293177771829
-5.40025431426916
-5.69904306247715
2.08502472870095
15.7519777847865
2.19329007736887
34.1939399594739
-7.47672015111432
-0.110580223037232
19.084701144372
-5.98912724026933
28.5889867401955
-9.84053331688218
1.74380687770914
-2.04062828667197
21.2981775808776
23.925577600965
21.8961666558758
-23.4413148476321
41.7529318377875
-29.5367430748882
-0.54354232442825
-12.1135645682575
-1.98884376603609
-10.4110340130235
7.06726984033542
25.2610694780723
-21.3265776295298
-7.35368217614162
37.9098963203775
-44.6759793473994
-24.3077184378843
-7.85242207825629
-22.8077622068546
14.906594554945
31.0027697915171
26.7353117683595
-33.4336369453581
-20.5155027167891
11.3565496571796
0.769703708665213
-17.2548076293795
8.20728007623794
4.58334238204074
-2.24714096318662
49.4774200102594
5.96253511708241
-7.4179043274483
-1.31992798773559
22.3143888528219
-24.2803833749211
23.8115468141349
-18.7773511187988
-7.9064405731932
18.4536266100432
-0.994625677719185
-11.8007172933667
-18.1244888186887
11.2659108752209
14.5645686534317
18.37584458404
-1.08195417420289
-17.2341552380582
35.3459193264523
-24.3811532698128
-3.74831850627076
20.5399057520584
32.2423492191223
16.4280548685605
15.2653608303853
1.67434835445813
-7.30226171629521
21.4807886135594
-27.357001811269
36.6017469876412
2.25702368763064
-34.7553765988316
-17.9808636916438
8.72629064561948
3.51108641200968
30.7847549865854
14.4768719415941
-2.61289296307555
-12.1759281331261
13.1057313925591
31.2527354548474
-23.8897581788544
1.21982648054898
-10.5574942625757
5.6168139373631
21.0479874628373
20.330504612856
3.7017616172839
-24.7406710969558
5.8374476849146
-56.3560666660275
-17.4780212193884
-8.82939838985837
-10.8688622978769
-1.81080700509952
-33.5511936582996
-19.0296944866165
25.5434080178607
0.151831821330131
-47.0640810593463
-23.2499055498965
22.5287720555444
19.1880371744585
14.2701057012858
0.327289041093532
-1.28051521278291
2.9160038195092
0.931809857907144
23.1499843913494
2.72727610604803
2.05048198192321
12.6939152544387
7.95169243141454
75.6412993294314
4.71563858767383
5.99230272516093
6.45062663000764
5.52727728238574
-19.2905416057803
2.73768685965583
-27.6883084004669
-6.82169847043647
13.2069659543866
24.3627190094761
-20.3945322234126
14.5425438807238
9.34462972315977
-2.28671298576845
-29.9239967816018
8.50208746536831
-6.5309362863976
5.2621973534001
18.7082711868152
16.5270873706039
-23.3255253762722
21.5089294305906
-19.7006848585052
19.5727021992057
14.8267038509466
-7.24680498576412
13.8352051518318
29.9406311714673
-1.09448182089145
-11.0343851774634
-17.282542208092
32.5509706138453
0.17199983443268
34.6412357982521
8.62733487444086
2.74097563459174
-21.3795061388876
6.30455128231851
-15.1239683600517
-26.7538572204038
-22.2592710344028
13.3002589530609
-16.8615047654627
-20.9037544717765
-24.8724343489674
-10.2846834642698
-5.23770645024088
-13.8952669421156
0.796000241762458
-1.55689428065777
-1.76750805684917
-9.87894833792016
17.2721829395875
9.38171827748188
-8.69088814706593
5.74864029500476
-2.41384713873782
44.0021898686769
19.9502082523569
-5.8317745020543
-8.81445468038829
7.70311781027207
27.3026450791219
-18.4409047412087
39.3576969668824
7.83534734770962
25.6931056219548
5.48716461349264
44.8510538514257
0.225982418516596
-1.72609208575075
10.5233204347911
-1.03687950797929
7.46455160331982
-31.120027638112
4.86345900479284
-21.56900340852
39.6868269701285
15.5710537885712
-4.0876505780449
-6.22684005169061
-26.1214777280829
46.4803042965569
-1.23873786798888
9.20692296715999
31.4822926544408
-24.0234913082305
1.24255521785742
12.9751027658614
-4.21053853886798
-4.26828074677502
-3.69696520488488
-20.2891899525624
15.121676514745
-29.9963347905887
-1.2906737841372
8.97654386124705
7.5674616983546
-0.512966662804336
20.3350450000454
-18.5148509012545
35.3521282121796
-3.98827481853701
32.5868669098167
7.99704573274072
1.15118321072219
24.6670110228364
-15.0596714577082
-7.98236888491356
-41.1339291937223
-2.39560013984128
19.9587998446516
1.32330381319053
7.1740848246435
-12.2633422349621
44.1527085436295
-24.7413890925392
-7.68707163354803
-24.3183188559857
-1.07574476272186
2.39417283697884
7.21381739206615
4.8992966779516
-4.8109259532127
-9.91072943589593
-33.5368633473647
6.66167420077438
17.7086044287357
8.64164754595702
3.26692734523186
4.1169424681882
-13.8192138364591
5.81531340312313
-0.969866832486372
-16.514748948646
-27.8910560074756
12.4297642719701
-10.8327959308479
-15.7361671588526
0.414059859910022
-4.96168534202028
-6.05769793329833
-28.357354622874
-5.29213249752547
24.8187667255996
2.07150609631502
16.210348829947
-24.678718104872
-3.34557647000993
17.1232014506608
19.6894964290502
-32.8212829322961
6.53929546609266
14.4816973741182
4.56502297102772
20.1615089720377
10.1993125417676
-14.6818696194225
34.2262850604655
-18.9505149714585
-8.45885554728838
-15.9528932114298
9.38533826549206
31.0320700637117
5.75005393731935
29.2615166405485
27.2179189314941
2.88905188096892
16.8546057903949
-25.6764073838038
-0.523532154246853
-1.06737414601414
-12.9080152787441
-17.1111454715704
-28.3222090286427
6.32196882980796
-33.3792970059399
6.03894006731633
-0.383782897220768
15.6044317260886
11.7482104208985
-6.41305063362281
-26.5302971617586
6.59257320278215
5.66364970180562
-16.8354021674918
8.06178771399621
-2.07762559530825
5.20212010060873
27.1762467278684
13.0624342815227
35.09774572123
-5.39988599775002
-15.4134591172718
10.7990583727014
-5.03933074660405
-18.0218949494963
18.1921982795372
16.1389531998642
2.01665981147711
-17.9974889230199
44.5794662936225
-21.9787801410083
-24.3132209201329
-17.9807439460872
-18.3284652696374
7.09590495509413
-6.18393763996673
-10.5851310437981
-2.44731080730109
-40.4710382823793
9.20220198608737
-14.0687388167579
-11.9502404600215
22.2520298551953
-3.59557492778356
-19.1152628142898
-9.3464348683414
33.984979856012
15.2090359914632
-11.1823105008718
-5.87402809705073
-7.84831766526478
15.7459995445357
-22.9452006731707
24.992655482392
0.416906051815073
-11.0215040579767
-23.9736851530843
6.26302120320979
10.6316688425313
-9.93750232377001
-11.0972154327306
6.16336523193271
-17.3064274364971
-11.7013467220972
-20.5558606653359
-1.4843008064975
-26.1969949583239
8.28215246620679
15.5160516168224
33.1183538589555
13.0150914835784
44.1919667483449
30.0673567868775
-17.4278862907456
-27.3360268032852
17.6160233542827
-12.7107493791623
20.3820456365855
13.9156515333987
-18.3140754699374
28.8289130014442
-12.7391931458282
7.40874623747734
-9.39740388867018
40.7474360933177
5.34440407973729
18.8507928435052
12.6661406566507
45.0091585054981
-4.51601317395703
-19.0587324476648
14.4957979308152
-5.9527574772071
15.355715588894
-24.4266607960154
0.700931112329988
-37.243855601521
-10.720460794149
-5.44122037609785
-5.97520402889124
15.5937859058221
12.1099019091595
20.4298736533756
-1.30811876450052
-7.34954925040598
-11.8224028150009
-41.9786371085589
-1.07012767485825
19.9738255933276
36.259913516381
-12.91563592076
15.6350094131978
10.0917257429048
-1.76669390590806
0.369684121136325
37.289526658816
17.2633124149953
5.41448108112134
-2.43127804150674
-1.91375298347323
7.32879527332873
-1.3295880263947
-15.0280902627413
-20.7881134292856
39.2742761041562
6.72820376157029
1.49677528929311
0.568907431580171
9.82691709049951
9.25095152230597
-30.0181252507848
3.6135488227328
12.8831374389823
18.1924732851448
40.2110501339701
15.8600337104957
27.8258248179262
16.4300986385955
-27.9981665025451
-4.0771430114101
1.62646459591344
34.3798411497389
3.72006114311708
-39.7505512558665
34.9063690609391
21.2334731724313
-21.3723191599321
-2.35493438733358
25.2357668611198
39.7780700278531
-28.024349580173
-6.6996440186243
-15.3724837747475
26.4101382612127
-1.33641449153604
-13.7125486838658
31.3937766703183
15.0720395607542
-11.6501001779361
23.6516165146074
30.686886735865
50.965472583162
-15.1208080628241
-11.6980954503037
-0.718040946330419
14.6612766850868
32.5441592501711
31.9090479430438
-16.2870341012544
1.77433970643219
-13.5767018497451
2.23438046707833
12.8133325989556
3.50000733803708
21.6959249139078
15.5100079033827
-19.9027513271264
4.20683480398958
5.45027932737044
-8.75638853167255
1.80259562570071
5.27697540940675
22.0791339681194
20.6071576947108
-14.3116192336442
1.78158010774216
-22.1750848640218
-6.44954823379757
-22.5856026517014
-16.4543991326268
23.3363308059714
-46.0138586606395
-12.3230436506632
-4.84941700834401
3.82205956113747
-17.532174521233
8.4304789779319
-25.875617622159
17.4678907530279
-19.6899336540125
-2.80930936851736
-33.2237898187102
13.2767841704171
-12.4841223431123
-5.30882318786804
0.583009734011882
4.6894698308573
10.7124737706335
37.2172491386126
-3.20436318173592
-19.8654734163475
-11.3613274944444
-6.11401983492573
9.30090862280312
21.5514680567548
8.71318388486934
-25.557336006512
8.57483614833756
21.2479707870052
0.53269044054811
2.09383541929996
15.1839006979476
-29.7556717550214
-12.2786776112118
-0.983321245769229
3.26106466239762
22.9069248619389
-10.0524951157942
1.97845536837589
-3.99771696838546
-1.4191221828828
9.31878639734172
9.76744612571216
17.9473859051579
10.9682883707087
15.2803791876159
16.2475745133405
3.56603626980749
1.82244680898255
-27.889481284925
25.2705767147175
14.8295723478388
-12.0763395002918
-10.031181807801
-12.4619228568265
9.22985938173047
-29.0768030040517
-10.6006003239934
-8.24265461193159
9.15475795576473
-8.01499668373567
30.096262544109
61.9517522545462
-41.9379310731492
-27.7486192914246
28.2662325287195
12.8262766504538
-17.6830148970625
-0.912169827236611
19.4028043600673
-3.90546464077813
29.6088522807316
12.2693433219184
22.3088509776248
1.8306140221294
12.5884099321428
-7.66089253777168
18.3466637962537
32.4993206235248
19.6752043394263
-17.2240639062556
17.515816063078
20.2335730829788
35.4111122194686
13.0170368309345
14.1020441394032
29.9902416679762
2.12239815392734
10.9548422713268
-31.1552542708359
5.50102058740604
14.2589750708814
2.3438627266911
-13.4441255179751
-3.05920697853393
4.54052793474551
-32.1980818629699
-12.7652361494344
-1.53029175150351
-31.6783971665049
23.4796754966009
3.10617843337609
26.5771178725259
-8.23118882991433
-9.81319811175363
24.8239691257219
2.24584320929148
-1.77748764574948
28.4221307336395
51.881952723161
-8.3640028162602
5.18322339281673
21.0124655466766
-5.13335403238586
8.50217541233492
11.0236675100558
29.7891997419506
13.5777443919189
1.91749038632438
33.4704756900977
-31.6677211180714
9.85872213546885
20.1998628625765
-6.64903044130378
17.5039535798588
10.7033444961391
6.59853561302323
-8.82380816221633
-22.7999921025446
-16.7037668389414
1.38580731034164
10.9804884194452
-1.03084504388806
1.90692477299248
-18.4096594229875
9.26309893659286
-12.5166222163421
-16.5811119422486
-4.91822048815898
8.42229253674884
9.22480080713932
1.49063598223122
-25.0947776660593
8.98121491758166
-14.42324032296
5.8778536034244
13.2141954187973
-2.69968830805987
-10.0381154585404
-39.6320547429576
-6.25560381479246
5.16459479238349
22.6136661878593
-7.39380684440038
-39.9351661850415
3.98109242833171
-0.211350753539365
14.8676659109236
-12.4966537818431
-21.1476565206693
44.5356906786287
-16.3966489421094
-31.1652331952634
11.6884301014182
-21.5830830099278
17.1239893707494
13.8084616106565
13.4199462340278
-7.52069281158522
21.338847375688
-9.51504656256681
-7.32655681872224
-23.7829070156015
-1.24587683395358
-0.421633381082533
3.5546843881029
5.66169710657816
-24.9568153449992
12.7556055897162
8.48208407977883
2.40247570458059
-3.59045959662433
5.26194140077722
-0.815610223151125
-6.62702011200303
-5.25641774972968
31.8849123760605
-22.8618974714372
42.9654491416457
-1.00724906404581
-10.1124926153146
30.2917983042749
-1.41829197157148
21.8885985673354
-5.71447637122055
3.4757008550542
38.0276253018315
15.4928228049546
-16.1047730071459
16.5929383603641
-39.5678262379124
1.2228582306601
6.92373866734512
10.243267323928
28.1487041803966
-6.22403160406128
2.67924741854604
7.78434634302418
-36.1526021171627
10.4634945683522
33.1839631338275
-11.5027506881697
6.09653498523317
20.6632853257542
5.65645937042428
6.38969670763463
-8.01399344490166
9.25382521055788
10.2801271120457
-1.42296580992079
8.4475517781577
35.1019522846076
-26.1718277839301
-4.85580529986705
-8.30155021813832
-28.1510770185026
12.901864738344
2.76982166142832
-8.27676591340312
-16.2638168836847
-21.3714714686041
12.1026927143066
-2.1819075772262
24.6625794626499
-15.8440952178295
16.9578250399061
-0.0366667933877595
5.86902789092627
-10.1967942361197
18.6387517932963
-38.486847382284
-32.0234704151514
37.3198660598409
-1.66278362298962
-23.352741970189
-16.8941447694953
-16.8189968394873
-14.3786281129385
-2.71682188042532
-5.60185058098346
14.1201905268447
-27.2712940281838
3.45931889180299
9.57667001060859
-2.4531532920264
-4.05651411109155
-24.7101805542201
6.22180949188966
6.20729153947245
1.29131769334897
18.6342949464216
-0.122920831664826
9.4613932640464
20.5926961210458
16.812684910468
-6.26402036619089
26.1458022037819
1.26961580095644
-4.9646938209474
-15.6865921596687
-11.8464018984769
-10.409485080237
17.1876797057548
2.17434821513695
19.1552542784787
-1.65954702259505
3.23240815564205
15.2990687016744
7.65830058720195
-13.172920799873
8.24320721908648
16.9597361409521
0.250346624009693
-20.3663225991525
-7.40630102139158
-8.2016835037315
19.0668205708747
-8.06150724041704
-13.7317059154204
-6.90056735254961
-1.62203613242896
-3.25405002705592
-2.78611157532433
-21.0382333094535
-13.3408860892746
-11.4513508186501
6.63376887716038
-20.2323976312921
8.99552295519821
2.70560906651095
-28.617953597616
38.6756517630395
8.85095374734778
6.27607522493666
-11.3309961620499
-8.26271805132112
-10.4638019996467
16.8972706219949
29.0337542801414
6.05232955744684
4.14059032520466
15.0892753761274
30.5762424520424
40.6367292714752
-9.12267125269694
7.05435056730395
-2.74427765551853
-9.76862484870922
0.79111865985911
7.00167929336594
12.2968486939138
37.5507378758185
7.24502697533559
-7.27108579797186
-19.203745090108
-16.5796779010095
-5.0217459565524
0.359846490118972
7.59685025332804
3.36750082422904
27.6014356732197
12.8782226376379
2.37525958170415
55.6077366322414
3.30878772877387
-31.0565722438416
-17.6997078356324
36.8427862798667
-9.81175216789904
7.4942472416577
10.7258590340648
4.33248567072321
8.64468283472743
52.4625917223889
11.0586856481064
-22.3966391182937
-3.65209290365188
34.5118196686836
11.3202318985831
25.2624746922835
6.76857983761631
17.0062754783903
-0.824338673543603
-14.4517905651939
30.8564776207677
2.86301675289618
23.1335961766286
-3.47196983925287
-14.8230730783696
-17.5462846366967
24.2446591435631
-17.2005768065451
38.7910265206227
-3.37620826283312
-20.6581841408912
29.1626792121335
-59.1070521157653
-4.75526900957417
-10.0878949746048
10.1679018947877
-47.4608499070834
47.2218458532218
-22.3225976376283
-6.14822379905327
1.77167351096666
-1.2359123327125
19.5459055293906
-0.853583843705116
2.10899791221852
1.97986759296585
-6.83661633551194
-1.28184729170169
3.93708145991926
-13.5420663016958
19.6741531124711
22.6385163102895
10.0768829009142
-9.71662888213982
8.60732282763544
18.4337229698821
28.4519544955158
9.2056834825521
55.2289081225872
-33.43495872977
54.6545354035918
-4.01906908502745
0.968443020079257
-7.2414984250016
-28.9980022399917
-36.0383637609609
-9.23350040466736
-15.0071644815963
36.936915427012
21.5498826213456
0.512111257157272
6.18655683434175
6.97890199054394
-26.1112245656892
25.0001327931522
12.5618221593544
-16.624031968639
-0.718519956718979
-29.4877561342216
27.7263802503069
13.0886195221605
-39.3571265335107
8.9101956039527
8.86372173419039
27.0301640319642
35.3414339015624
19.5684320163443
-13.951819555833
-2.7934698540865
11.5890548985042
1.23445491055801
13.1386726272855
-7.74775703623513
13.0501237920955
20.3570222874875
-2.19230110095433
-4.32333676450566
-7.67924359498481
-10.5562379008128
13.1788465996232
18.3502020292659
-13.23092382426
7.93912554460656
16.9955597604199
-36.1268387435693
-2.86280167147505
-0.444096144644703
-9.84833607164455
-9.11055136387282
-29.7458569758596
-15.4980593116454
7.27903543657429
3.22837789498876
-17.1644421194967
-0.765026654509682
-22.8944421050884
-19.8422462021292
4.98304766757665
8.86720006909119
4.2141556704178
-3.86002659917547
-2.01823973653527
-28.3283893691674
7.64020906647595
1.99866946292543
5.28931560917859
-14.8780785735923
-7.21233824374129
11.3542236242416
6.12482656454644
12.5528598429927
13.3949327781263
6.07196125709915
6.60569070717911
4.62729525744373
-8.62571551038436
15.1811252700182
-15.9099611955808
27.2803832735453
-3.09067354094592
-6.26594275051662
6.37453358189013
32.5068459383381
18.4701777953995
26.246283627969
-27.4674211491738
-20.6313744011614
28.3260965566866
3.31282960801356
14.8945169353164
-20.5977091475005
-5.60125052347099
-10.8000654123781
1.82079490127425
-9.56014033219114
-3.42555618144716
-18.3288905893042
-37.974361387066
-3.43854899727616
-13.7068197834593
8.83448219953693
13.9623888994009
19.9905527027819
-3.93743268332201
-28.7204473331715
-32.9371467762577
10.4952066936682
19.7018540933648
6.0849420232105
19.8777493556259
5.09448703152384
36.6245012272325
-38.6608102304174
22.1312527437118
-7.2587461759779
20.2398559407125
-8.81648806355201
-3.1109846856269
-65.2716300200136
6.09995078475642
1.51082634713815
-3.00546306594872
9.24030897945425
14.2573344413134
-7.20041083248077
9.145005597771
12.6096521415075
-9.01745738030666
-13.9221707879445
20.8805363179921
14.4499754330798
14.624286061859
0.919892916962602
11.2238561075236
27.6173333732154
19.2624538171985
-11.2954768899576
23.5189812668656
-19.5513679068309
-13.0557308767035
9.09100534618918
17.6367492007264
-0.9571102705368
11.5709069742841
1.1088207058736
20.8646249383721
-5.76015074258875
2.32754892073982
10.4098955399362
9.52278196009781
-20.7313137126995
-10.1769129388703
7.12198153753227
-14.2537217606719
55.8809147209463
36.0562670126358
-15.3381702647551
-36.2014727839839
-14.7980377376199
28.1346992096809
30.646402251721
13.3484467116143
34.6005067867322
-11.5373532144048
36.2318243276924
4.52196162580098
0.835659603444348
22.7147910118942
-24.4820526044498
-14.9282173952597
-4.24799780305136
-6.30512923963175
-0.644955257231213
-3.29696244699843
-3.65671232500404
-8.59380224538554
-9.52445630588656
9.77387293737697
-6.65802685868448
-4.82187774133122
-1.38938441432081
-5.56084567792208
-28.7702381363963
-1.19283666745475
7.85577561729872
-2.07556670471058
29.5747483147246
25.1635962885005
-8.79470459968287
-8.32709639287528
-24.8671544340205
-22.9282058238002
-4.67580310483377
-7.12690779714638
17.8081107244421
18.4824665764816
33.4804099702838
-25.3303284157812
6.53896759702329
21.3432971281555
-3.34565680464955
27.7209467156535
-8.55533893575836
-14.9388773831667
-19.7965694847452
-12.8870737862153
-12.5773132585069
17.5437850938152
-6.60597563065359
14.3849678915031
10.0934520580034
-18.982073501309
0.00581494707335573
17.593569623358
19.2792615730904
26.8079851002753
-14.6769176411351
32.4478757551288
35.0152803513683
5.98206435788675
18.1851604435662
-18.5447065091476
1.58505150676966
-2.08426403144776
-19.8673882762525
10.1678734032663
-3.01999707774568
23.631255228756
5.53170332515607
17.2385995713041
-12.7416266821019
3.84918930273326
-21.307421878275
-2.82916514569586
19.1853324015239
18.9538307206772
23.3153877468084
-19.5734586816359
24.9776244916192
-2.729450623469
16.0353627718603
19.9189573267083
-17.0946590786692
49.6086146061588
13.7632433880914
-42.3702843716544
-16.5650255455728
-15.6883068608635
7.43201863233452
-11.7617033635929
13.1408606566444
-0.190741497933737
27.2913783714822
-25.8187744371496
4.55791607258468
-12.39683193116
23.4413295795563
22.9555814222631
-12.8983238508665
-12.7484818590195
2.28734111283875
21.4645423174971
2.9160802530212
12.0404552008293
1.54310038235804
3.73481947075597
41.7440402899501
13.8246995446215
6.16385962667058
-31.8466037127994
22.5165207615821
31.4567059850364
-10.1574609992909
12.3718907216564
7.25039963042674
9.21984510412886
-2.76283010508171
-14.2518480514245
17.1447677656408
24.5299436516318
28.0268459981935
-42.6904790308676
25.2899343428213
2.82155560328185
1.61142772240238
5.026553937133
-26.2269770931908
-7.08889258619218
-7.67568424552737
-3.48526451620945
28.2829262948846
-4.52199171061061
1.36263255959027
32.9192671637829
14.7281640174293
-8.11205996766212
-21.3813211259076
16.8182746713569
9.77552879043483
-20.2697873336983
13.5539759613326
25.1197217610373
1.69807017102502
16.714558060397
2.80131033161483
-19.7225814237444
-50.1781908694766
6.89818319490368
-4.61025355077155
8.07949127439757
6.60819419697719
0.337957217652487
-29.6652044092925
6.16806107588999
2.19977930731032
-38.8752631372371
-9.54823841272724
8.93704274210998
-10.9414961193493
-16.0924205540798
15.9015628613754
-8.10637179097631
15.0092708807506
-8.16115630841072
-1.77830180017933
33.5435420817423
-7.16657116404788
60.1041170887949
2.9513867079655
9.42970598780042
33.2875648158927
12.9692332603595
16.9849792790917
40.6336603162133
-2.39067388780349
-25.6418868967427
7.51703498951805
-14.3109859058319
-21.1695198209876
-9.74161350259148
-1.2614411390354
-5.6090406714513
-24.393641508522
9.88398825111734
7.97475149286418
2.31973276726693
-1.94209080283589
5.47886431733763
10.9686430442762
10.7425379659236
-7.47945790157639
-6.68579176260664
-20.3217269699083
34.2195342782812
42.3101806367332
20.4570216347092
-32.4406380597971
-1.66379432287766
-16.8661163627924
-10.5883535406028
15.7293798725874
-17.8627931232219
-29.5317801663712
-0.657333859961481
22.3808542846035
-4.09843645461457
4.16662089368247
-13.2276694741595
-39.183925045769
3.83494158229625
50.7335880512779
-5.00246514712809
0.249476135291165
24.2905114210168
-11.4877536855887
20.6764549337861
-12.3582141798758
-4.03627656483684
-14.8444848345648
-20.2495115093299
1.5217184037221
-2.03231594233832
10.0856332620496
-19.528808738499
16.5623151368992
18.6049064003868
-11.2012159987052
-14.882372810422
15.6521284098656
-4.25381122540141
18.1135531154725
41.4591118632275
-1.89770397519774
0.641003353118452
-5.16597173579278
-3.96957701018609
22.4397586338969
24.144635242737
-15.9222255113745
11.0356877553007
-10.7156758010972
-16.0289300090537
-5.58109431481696
1.6960796760197
-8.36331896494679
3.01260788199101
16.7493160140789
-2.47211725886883
49.586383632877
-17.1941928622658
-11.8795436550451
21.1565079186238
-35.6126573844462
24.1249950362602
26.588557297797
5.15762474805844
6.39740972521371
-25.759989430829
13.1382367405112
-11.0972086567328
-7.71202901385558
11.3816020983979
-15.9294293245563
7.61370709419509
-0.269807645579261
-15.7949838152734
-0.0702241438672981
9.44934816104054
-2.28969360642839
15.1429709225151
-5.47902162484528
-8.19747451001624
3.93064309514405
8.17656824097378
-3.03566615161183
-21.1587216969232
10.8467453218834
30.115202830731
14.5072993885973
16.656940959903
-23.1428155569604
6.06436645004889
-2.60033536477424
2.6392938986425
-20.3661187726511
-37.9913873754538
-20.6699402666798
6.88509275751725
10.1788363791276
2.36084835100782
15.7282066835133
-4.24276784063835
13.4446068853208
25.5147922400193
-18.9121640124038
-17.1152650837429
2.1074450529924
46.400424810086
27.3697857222247
-1.43043347756146
-10.7463701161987
38.8446230215184
-34.025405599608
-15.7667876518823
-11.0272225817858
0.898400870304595
-10.4258226444244
-10.6399200660246
8.04817449651978
19.7008045665596
-5.13966462382346
-11.7206533150319
7.91836863361854
5.24285859226241
2.34349949879266
18.0288061218064
-4.12391684121782
13.9328177965226
13.3274589104756
-5.50674911302616
-36.091092391549
-26.6750596521627
24.4965247683404
17.0475232498457
26.6318818645685
43.3569399352847
-12.2057752266757
-39.9054825152793
-3.2249435983731
-39.6284973791993
12.4968836343466
-4.87312452954895
20.7606701593757
13.6933082477997
8.38988788266116
44.0967197659025
1.19594212348407
18.064148247055
39.2681138288443
-16.0878927508455
8.16587928676712
10.6520325265813
-19.8640175949607
3.46492604412788
-10.6623413904266
13.0018246370752
10.4414218582068
5.47058203002981
14.3387284949634
5.33518324156788
22.7512597230249
16.8338416844755
-21.2653144813567
34.7987989229606
33.3435065962098
-2.77982065733738
-4.60911253838073
-20.0838287428994
15.3390844677687
12.6591191505385
-14.5637725999751
10.929546328499
11.6470091878139
-0.0716562710665012
-13.9532839473617
-1.8899114398913
25.0089376722976
20.8209606891257
-17.4630257178216
22.7053246516693
-11.8862872072737
15.2922520371975
-3.47349750242243
15.1787869240388
2.17021004179467
-5.25892676852423
-40.5248076874651
11.4173986891259
23.847768151428
-12.0764664852189
12.3905884340331
1.32894500972616
-12.8720243778267
-12.2927525238171
32.7242679805162
33.6145047107247
-10.456308513302
11.3559450905475
-28.0605500242764
27.884727924445
12.4077477384871
-3.70222394332116
0.149556613499842
2.2307831502791
17.19813125711
-17.8457289005259
-10.1370878765755
21.2612357923102
-11.5096346849556
6.33975400144607
7.29452348373313
0.693947541574921
1.57064128985634
30.5944535073698
8.64693649006409
-13.4753774039653
-14.6709656807931
-13.7858958933805
11.9958460789361
8.59841216788964
5.4159253268336
-22.0456397139084
20.3958408216009
-6.18846768434467
28.2525010529221
1.75929927134409
16.0969815821944
-9.42715299359109
5.42636280514777
-24.9619120007992
10.975745889409
-21.6894812119775
-28.5328240494851
-20.780726297113
10.583577735133
27.7897779466682
-6.84223199214423
9.51584421170901
22.6646945027655
-11.681289315123
14.878479196127
11.7965921379887
29.9183873787926
-16.5526062218996
14.7104297190901
16.9474718352092
-11.1937515102469
20.6650356836333
-14.4015236149359
-23.5836432839798
2.38477813194429
-5.21244224339819
0.48497046188885
43.9948675700219
51.3377991057668
-14.6252954879387
10.2419963209007
6.6148370250041
-16.7695484922386
-3.38554282477457
8.96788994187134
5.04239477974634
2.41525909398853
-10.1244007582464
-1.85312822351187
-2.21302833248236
-3.95153068321505
0.469652152283952
8.66650834399472
-6.7357744993006
-29.5838387484087
-3.65999291263433
8.1788348432633
4.27775752799521
3.78681008952318
-12.0142815609767
-0.690727452106115
15.244879390109
11.0128270790178
3.32959839612208
41.4171794780639
2.86505771705919
-5.12014473706279
-7.90257653814111
21.0230992162452
-5.73902973283224
3.98326071791197
-2.11413884656026
-7.0653968343979
-9.33399905078898
8.95759834997591
18.004200253931
11.5646023407081
14.7299089574661
-9.21883220425693
31.9030001562363
-43.7051364115755
34.946777372976
-4.89054282095001
31.2744384123124
-38.2631114088628
-8.13020082900825
3.95637088447084
6.11234227659312
1.64263591159955
-0.144623601509899
6.09453527590783
-10.3836741554153
27.4917881232279
6.11869939985514
1.50613933076806
15.336754085359
7.23867605266484
10.4918922070845
-5.43707592846519
-6.78924668148691
-47.8517185930158
14.2006497452456
-8.63787345758963
4.73230088455894
18.7581525386446
39.2354400282345
-6.5929467401075
5.73334287969927
-10.1529548504203
12.565676692034
-19.4139010419603
-18.5043197817493
-22.864568516482
26.1314078557014
-21.1499885266249
13.7811846218651
-11.1748611444076
-3.91246844459262
13.3253434221582
-10.5899864984091
-25.58483267668
15.1299658611956
-33.6224770543397
12.6046365158881
-8.07577668279607
-11.8839456383188
-39.023733324569
7.0655509471155
4.18721134554025
-2.23454506140612
-34.9368464703161
-1.60478204681266
-13.5362908374755
-8.34300649625215
-17.9754816536836
20.5085149051564
-36.7426183654377
3.67967200328748
1.76113388407803
-18.289536735718
13.5558776563349
-9.08920645137304
13.3372452747287
-26.1851477616169
-4.07128733234943
-6.28442452137497
-34.0291861990033
16.0838844123134
4.34874101121526
-6.25830378109897
4.8547160169329
2.0272437416539
-18.4043701283848
-18.9210649368683
25.3974310256059
5.72061209462519
-3.92205828301448
6.72026061024719
-8.3076028439023
12.8450104428989
22.0699021697573
-17.0435752095151
1.35690762793738
-24.2597778062059
5.90578972409726
38.1978006537811
0.129345789109883
2.01973250155286
48.6137291585271
34.1344256882882
-4.08523719054733
-9.6173954616138
28.010540799147
-5.31720872119788
4.69068066130217
-21.7402158798296
-9.10568173547895
-10.9070248828096
-5.73317421811352
-45.4983034659398
31.5805155452612
12.3518660522939
24.5801144210601
-18.0800559502117
-7.1802238331295
-4.63191337007819
-26.3491644052928
7.46385022224345
-4.47225394324379
-12.2072307479713
-2.35645897812753
3.88321825634788
16.3212537821771
-23.7461487952169
-9.30523875770349
30.1136003089762
21.131730656594
-18.11673481886
-22.9934081501472
14.8532273486139
17.5616323487673
16.8700756102747
9.76698307874598
-5.94212195992996
-3.05769433588223
16.0545319495551
5.34215430340075
-3.71703484214368
30.4981304682739
6.49431059384365
21.3699559946414
-21.8708874213729
-16.3431866552277
14.5126045641095
-7.50254994900029
13.0364180910344
0.75431133531622
-7.04640238474467
2.80378820678441
-10.1823249230583
13.1627610794563
-19.6635961433415
-11.5187808461096
15.5803179000436
21.0840341499331
-35.0188566684463
-9.5285242042199
14.5942169393279
-19.1347026944103
32.3925891201234
-3.49767376820289
-12.6855018145411
9.01077729008625
10.3881120520013
4.97853733123508
0.424055895938868
-10.3991642053834
-5.99671301664789
-1.89984139981376
9.07585448703792
-17.7889979754251
29.0460736074676
-1.72325823985085
13.9209350291964
8.20254152911518
-15.185666477646
5.93622343166076
-26.7490517530608
-11.8426585451134
13.7647684936671
20.3045969718901
-1.30977311020562
-3.49511226013882
-14.1240919018274
-2.5708924725365
-12.9903378702024
-41.7028655911758
3.83075580955408
-2.064233204664
18.7552327476729
-3.34464916732176
-24.9231437107113
16.333679918797
-10.3584314765554
-8.62993116488582
-25.1443122497962
-39.5624964232913
13.2396700791953
-17.867726884141
-15.1024533139798
-40.6442026659241
22.95020957638
3.3505527106056
-2.9434038937027
-13.73775643869
1.96957107638799
2.0397786966802
4.61318645700416
32.121187164435
-21.2094540893954
11.7300076220272
11.757426923521
-5.42486548450151
-4.99368905581844
-29.3284249467729
12.9952287037938
2.90163421797919
-4.60145464367905
-3.56790441339892
-11.3392592577884
-9.0599000756892
-1.44895551819581
7.77323837032224
-2.70082840162493
24.1773102076112
-22.8947466283666
-19.9384394411682
12.6609216854406
2.13213779040415
13.7511790924144
4.90158396591409
7.9203518488366
-12.14355620064
7.59039813263898
-7.19475817455295
24.4009087790353
-54.0151223793714
28.1748413204788
-5.48549729717818
3.252939675439
2.76209801022761
-3.17668224708035
-16.5568404833653
-1.6181878925255
-11.735107513126
-9.38494488200979
-19.1936128218253
3.47754325018829
0.00500750271190675
4.63860249752404
15.4085891416737
19.9512227809445
17.4589545138012
3.43802941633629
6.98180607183369
-1.97509560544007
-3.53838328976468
26.5426501259838
-33.3137421340691
17.6788596765629
27.1865530219912
3.98638406770295
7.08722612831763
11.3469491864383
11.8553477550956
-5.34938260770828
28.0136920796942
-1.14090722074368
-22.3822522276727
6.60158613805372
-33.7809544840886
26.9530976268129
23.4701308237924
19.7821030131847
12.3840119740701
17.03934341456
-11.660082564421
-26.0373462260662
15.3483150810208
2.51402041994726
-8.8656403632739
4.06412351586899
28.178701260965
3.47360559420859
10.1764651359996
3.26041617480202
0.144927808215507
-19.9979476215146
-21.2474291657306
15.1020876280929
-34.520645532566
13.4165593816582
13.2846934248897
-1.28654837868405
35.8945190626644
-11.3067245767109
-1.69056938156991
1.79047334854773
8.63231611558654
1.43569949032955
-2.81629659023046
-13.7720797435296
-2.78119664617829
16.3796265265406
-23.9717373621992
0.590738864459416
4.1186629334194
-11.4680722839432
64.5208701814986
7.69771557536927
10.9171140694143
11.8650832891592
-9.02369046487321
28.6308326419733
-7.46764753414028
24.623253895442
-1.70077349549069
-19.9205136599908
-1.68476174119912
-16.8522332597477
-23.3236748037081
-10.4551646766524
1.44510571167187
-16.4266942271863
15.7129642589223
17.9657339596965
31.0214512596304
-5.35873360647557
12.1308128582463
-24.7420991684468
-15.1946876947786
-7.16361892465978
5.24115484494548
13.4822131615802
-11.0098952564794
-12.5053247658443
-36.5485925944953
-10.0568345088668
-15.0219805380899
35.572461705212
33.5864901873
2.10232368510409
4.51723115373393
32.2325888427769
-7.89671964839393
28.7124764297044
-13.6656106460243
-0.920591062169585
-24.0392039385672
-5.84670974637318
-21.1788575850175
-8.43745120174252
21.7677145277126
48.9690553667908
16.2959434182975
-8.17978963029458
3.90107572287564
10.9432189067937
2.30302188032201
4.96387847145078
-6.05178777912462
-33.9012910416346
-16.7564961854941
-8.14967377400308
20.0394556767074
19.3327200692422
17.4040710826687
-1.1705983364596
1.25953921397877
-11.2417959094273
-6.22593758990468
25.2938718913218
-13.6560746254326
17.5999859434186
6.89026388689078
-14.6235354677876
22.1253066239282
25.9822652657223
-2.50906562535011
20.1355424002856
39.6249095592221
51.5485088177045
-4.08671481298078
13.8851732052159
33.0554513390881
37.1583403726318
6.79699287907365
-16.5964690203577
-1.54541937965619
-7.02612563887974
12.5682922917581
-15.3867819962569
-20.1218614150078
10.1739289525715
1.71552007913056
58.9360849088912
5.34498104703175
41.2779415118008
-2.39381560804347
28.6284261434137
-11.0617660609597
28.2916367441816
23.0692643874266
8.31598272018094
-28.7475923377853
-13.3721764510858
1.6046677495019
4.9804201107443
2.65176765778676
14.0600928693936
9.18252721558841
-18.6532586711657
-8.28430088896344
-1.20866972572451
-4.53607375101393
-2.55356758645108
4.52597484471743
10.9728988667929
-7.29966438451835
19.9220811529672
-5.66981108844991
12.5839922792068
-4.88117858040872
0.298643120492667
5.29453637557844
2.67563817513353
31.7156569443754
19.4605187240863
34.0273283599815
22.7752491631526
11.8066100378025
20.6706938196715
10.6923647953723
-15.3260467724989
7.37255210921627
-18.6071509272101
2.77154872453401
10.7026798058921
11.8471141070072
-4.84611726388318
12.6944990445483
-10.6434815966093
6.16801505190803
2.43962765612934
33.7870263813685
-1.88712862872436
-0.93354134014201
-7.57957654863495
-15.1441551376592
-7.03893875393265
2.39669004940412
-17.7432631656129
7.96893410691229
-17.6263214881916
8.46297438791416
21.9058165477466
20.1802899629308
-1.84105394265021
6.17238690832948
2.1940749466672
4.63042078753668
-0.804955200476864
-3.51568182984242
-29.1795266656546
7.22587873344578
12.5207522411019
31.7800649175465
18.3301123161391
43.8195099356921
17.5307472937031
4.95265084408763
10.2545910332309
-18.5556944303692
-3.31764268801799
3.49818910440081
40.7286347190635
29.7502603303609
-6.10845659537159
12.3500385649905
9.10198603821915
3.09325997004122
17.3630273719952
-9.18265149941549
23.1327555780671
27.9327411514668
29.5372719590965
29.411953227811
7.20594927985435
24.1352304831653
16.5511082233175
-9.04809606180173
2.23346731005076
7.08964969516423
-9.17901711926252
12.7798452714292
9.26595467132374
16.9246168898244
-37.5669189425393
9.11761494046541
31.3040185724565
24.294950755399
-21.2424768303265
-8.96999172067092
-34.2036338016196
16.5390340759207
-34.4370097514883
-30.5392798160388
24.3436652881911
1.8370233689728
34.679287846535
10.9344660021801
15.2844289602131
8.33300267152591
-7.47488630944832
-10.5950298239426
36.1508181540138
3.95041868785262
23.3201407655003
-11.4823908871432
3.43754334316307
-22.3420615012729
-3.85306826342693
-20.3238659859944
-2.86535197516471
-35.7503990915991
-30.0789030983922
-12.3095750447235
18.593529956924
2.3785822579588
-8.53964204302704
-29.6573472035785
31.8963628029393
18.7801356686921
-20.8414170788944
-1.85309083219537
6.1192876297265
12.3017662840993
33.4261285210471
10.2029523384839
-6.50777793263582
18.7287513105317
-2.4551907975967
-23.1010064111003
20.5853475316428
-16.6588376758726
7.56262329643887
-8.1693258195446
2.68559715002323
-18.817805356667
-22.3806837348288
-11.3878602260286
27.8555462103537
23.7480657000564
4.48970257406877
3.24522014692992
7.45477110386936
39.5548486572536
7.64917576667018
36.9990578481528
-6.14461696627501
-23.3548404380493
18.3014883857134
-8.20267519830718
11.2046978257794
-20.6080251543687
1.42072267563855
-5.74492712296084
46.5569149541913
10.802408499156
-21.5324540489951
-2.91919086970976
-14.4820172814211
54.9219607939344
-9.16830323389427
-18.9118923904895
2.12937406541169
13.8466614434495
-4.01696589897762
-28.9714049066649
-41.3598499235942
7.44286363125059
-27.9295523743149
13.1898028936271
-18.8591345429508
-18.9631534640514
24.5682260534847
29.7536988929733
28.2557885867881
19.3254063272232
-0.474470306497349
-3.96876480819278
0.103750833028875
-2.2709559848632
-5.25995509900521
-12.0186064051661
16.2256475380158
-11.7047444038782
-6.77040486650428
-38.4966034802054
-4.94736971606422
-7.79034255300612
26.0230175014971
-3.10819746610045
10.1982110552309
18.2810461462138
3.35450936925831
-36.9855369749646
7.1644584868522
3.75973371890092
28.004091381924
5.55271508397681
-34.334632050714
24.107760868202
13.5195230753551
-16.6378395715579
-1.78423266380753
14.6015597465335
28.1767870600651
33.3393780141868
-12.6474023553361
21.8282303176529
-5.67852125879573
10.6301988191675
19.0735049662877
-0.837587748040852
42.9303087581911
1.45919664320579
14.6862340693131
-19.422863539244
48.555139133282
23.930388074014
-28.8983353154543
19.6666602071504
-29.9053777894658
2.4847512320629
-11.3117376115792
8.51297541743693
-11.8632302476807
10.4830680569816
-28.0005415561259
-13.4484758269197
10.5425434827989
-22.9677678400061
14.9847095373711
13.8085835832207
8.08924360861997
18.7429029741446
11.1864047993147
20.3545915883118
-10.5255164229786
45.2816926520892
-1.97597648324285
8.91744640003462
-17.2478734816635
16.5135063621201
8.46682918830626
33.8320017996192
-0.753607967577462
17.1688714406472
0.221818561116928
25.7675379440255
-16.0508103929683
22.3387770333793
-12.1101025249827
23.6177578057357
-7.64512766223803
4.05195792356544
-15.6498076506857
2.24817121743262
-0.260887449076622
16.4032235251152
-0.0298270084515679
9.48425918429155
5.41854240346288
-28.4005039619383
-10.1052399171273
-0.170612981195436
-2.02813013304506
3.70075087308332
10.7017739537407
-21.8883318485393
-7.50751137984052
-7.86873790384331
-0.73156736248795
26.2984378790604
6.07383385464328
3.47435305087361
-14.3378516189686
-10.4461720363231
17.3407843636245
31.7960409145919
28.7221678040501
3.59109509180632
1.86483509458454
-8.17841784371736
16.8981396805794
16.3943389193351
7.58689295843503
-0.28354134750358
3.52144668483385
1.59545350566851
-28.334104410238
8.54766359963042
-31.7719297260493
0.0947641753220525
-22.7678495703832
-15.153441073969
-19.022735908269
6.72044422814114
34.6647126936058
16.1918616998188
38.9749223913771
-19.5087789177578
4.26222334880925
-9.48791536316907
41.3185612689422
-32.9700752636228
-6.24388586677903
-26.3255415106175
39.7314546060256
17.9289508990211
26.2490563724239
12.8180534738737
5.13237744770122
11.9485953085612
19.6962586328369
14.5840021788871
-7.80684530346382
44.7803242918032
-6.48731406901847
-6.34329835745843
-9.46929107446681
27.5843304073974
28.0777737938963
-4.28566550934077
7.44539939822632
2.03316724213088
13.0863901050873
-18.6063859221844
5.90940782297778
39.5151050996171
-5.60013173541506
-32.0781676600689
21.3635234377904
0.842576023135834
-2.68391632991737
-0.773642619785152
21.5582173137485
0.149395967248966
-9.13009998040123
8.37934168502093
-4.20219732390757
-5.3686863900636
6.25188613558702
2.71734658299118
-13.5028530459313
-7.19100732315808
-31.7530261768158
1.55765549500864
-2.94687767909029
7.38219475694001
1.53134138530472
-5.80576807961467
20.8685301739344
38.2790296912693
9.68251093764754
-31.6139058892848
-16.4071825071209
15.2674119027406
-1.10482671968172
-1.59509660549947
-7.90303306082115
20.7105924965602
-4.15039409068192
-26.2420985555773
-24.3327940876771
-17.971278189092
-8.99847266490437
15.0691334341966
-0.801653892480524
2.55737994837044
9.6349831950073
6.8238288511958
-13.0894684331689
5.25550159405832
18.1900246108594
3.6298040139551
-3.17494109861335
8.72379774755198
-5.36640092989163
15.1757291432086
-27.0108133416116
34.6043024705755
2.45244365968229
-3.15439540747033
4.07297865872399
-9.2516812159717
26.6868857724127
26.5258379330861
-12.9617052539196
2.36599636462257
30.628529798834
32.9153323941421
14.6646260573932
-3.79939026573126
-32.3135566917207
12.5366658453763
-20.2102680474138
-16.5996187620178
-44.744679654642
10.6666615543248
-20.6338270461919
2.71546916783028
13.4576336147128
4.99766505420463
3.97580515585237
26.4351999012692
-26.2299108158136
-38.0816159905928
11.1504804165396
-6.26360271151717
-9.22082435891982
-10.1677109889637
-23.9125816865341
-31.1416299049143
8.27895377572175
-18.9705242286766
13.9169154392089
5.92111834761015
-21.8567573830919
6.6567007174217
-8.32414079744756
-21.8368854910207
4.90413863283218
-2.38515894357632
27.5223075502321
-23.186264782244
-15.6770151837006
-20.8630831397179
3.37241924575778
-3.1482747190058
12.4186989795065
-7.23091018940052
-31.7351958569982
-5.22999292089014
-26.7137078455302
6.35143055148256
3.16691082234394
30.590135781827
20.6429229040933
2.36357448006824
-22.797278579899
18.5814713088846
-35.2623497954618
-1.81037110838661
5.3907305036346
13.0212766351831
5.4460820496518
-2.47850750152871
16.9753257300655
-16.5477084271553
9.45937822654184
-37.1287110165357
10.2165202209239
13.9802752792561
5.80915139981066
16.8931799082133
9.57236697353396
-16.6907229230164
-11.9108774919751
21.7652183183455
-4.27051612037523
-37.3258126754693
26.6822764456168
14.7469735569649
28.5197373627738
12.3477056535977
39.2528180710267
7.91470326025452
18.9698908861785
-2.46359916496358
3.48328121691593
26.4059704670853
-35.1985845969822
-5.15926628890324
-2.41163435217414
-11.9855120427138
-21.2317251490302
-6.24820517103156
18.9403259177127
13.3715510235212
22.7659664760113
20.1720986877922
21.5611128965647
-15.5837890786293
1.00324636570369
20.9880561513841
27.1765307319168
-1.53287580353199
7.95853067348099
-7.83316466255866
-18.5933494887758
-3.24836147358506
21.895367604392
-13.6766294112868
-12.7741791968406
-4.3169129703733
-0.264430834621988
-23.7377824833044
-53.4171522435172
2.26243530919521
43.5168295226693
-3.82257557063444
-44.8943668119764
-16.329717806487
34.4439808882185
-3.9935602382726
5.73543476470995
-11.4819644713477
15.1477551042681
-13.8833224063208
6.71643867011184
25.5612722106205
-3.89154126810572
-0.0366877248144453
-9.90700754354937
22.3843567484627
16.6791539690505
-8.1271615784657
-9.63672139693325
-20.6349759228641
7.76125125830324
-2.35510939125283
-7.32112620876046
-21.404390671923
-20.5900330611208
-19.8742029043617
5.71933068249768
-21.6435181114381
-1.85729600925836
21.5644262867243
13.9311817421497
16.4707353092175
13.566187012839
7.41928654422654
43.7808329166854
7.16325109747571
4.20992744071
-9.3104527523613
-8.08428421090205
4.59274214745619
12.5182592725738
-6.53658818049675
-26.656142030473
32.0129316087532
1.4390763664492
4.25813133226376
-10.3863831630095
-7.75278157394754
-1.64224930758482
-31.5808940336454
-16.17243802983
25.9771423863733
-39.7442311196178
18.9256702459297
-21.2645781061901
-1.29104136792872
-11.1400279819749
-15.282456783048
2.65922728877236
1.75527841185303
-11.4646114644898
10.1024305360024
-28.4884915122398
5.03254788545323
29.3473170399146
29.2064784018369
35.9888631041232
9.46068635658116
-3.55549131390809
16.1839511812786
-4.18641935048658
17.640879845959
30.15700732133
-12.3778328975423
-3.30353915862911
14.1470555240034
-2.84692358454049
-19.875886400669
29.6477186273046
8.03834864087473
-7.10493353367877
-35.260322565704
-18.8759707282859
-21.0912263499682
-27.878656994234
17.4543778918571
2.41447361543024
11.6981302052436
19.193671877851
36.3257347324263
24.8551718852596
8.27755203795495
-0.119093231324623
10.8423702621942
22.6562349445235
-11.7298752971394
-14.3264838000485
-5.87199220784811
-16.4978363405957
-2.03266935766749
14.4202809879301
-36.5108617133372
-2.3872217709485
3.2045931805306
-7.53765774156624
24.0276200757637
-24.5539781769338
8.0833810904434
-18.9746091002237
39.3733062575836
-4.32520540260177
-7.14574350411853
9.38640557710648
33.217309419223
11.6498403149515
-16.4251806619409
35.6480970950704
4.73685234961926
-0.675331734348071
-6.58083815912949
9.13303368380686
6.19044217594178
4.2280741978974
-11.947221451627
-34.0235339605189
-4.79210736529105
-12.330056520108
12.9315223293654
-7.97709966100074
23.5940365015044
-19.5976494027477
-44.3092775085035
-34.6400082146785
-8.06590710472681
-10.8210203166298
2.42697741648606
-11.351564847425
3.81350808934121
-22.4793612445679
12.7385930160236
25.2918421813208
16.604372696074
27.0539938899119
-3.73425294265257
-37.0717305297747
-22.7220194847493
27.757371854886
16.3293068586731
-7.29342721716607
-8.34638696047446
23.2524973734755
12.0326000052799
-39.8693683452075
7.49382202621852
8.49155178961657
40.796281256671
22.91556600723
-13.8300660532417
21.0519970774259
-27.4876222754513
-20.8064037051979
20.306878730543
7.0301797315574
12.0706404064431
-14.4213683439179
1.51635105004314
6.29896823603872
-11.8629360031276
18.4304478452566
-0.777273097993381
7.37691620562763
16.9682704938796
0.977841131793014
37.1736458566111
18.8982358878279
-24.496162472612
2.04300182998619
3.17518723352671
-8.14996013793212
20.0071856089839
9.51388415451608
-23.4082391181806
-4.59386173411588
0.539249157708878
17.7684138959417
-5.43294899720516
19.3172888480971
1.66436486908996
8.89279791220757
6.74955062335885
8.69556529006185
-21.9734152843298
46.6932242466722
8.32350843519522
-35.9455900573556
-1.46409711405482
1.36941937453563
-16.2773828366375
47.6170882935732
-15.6823010541543
2.50720116503992
-23.5054068990515
10.7905437639758
10.7931871935277
0.419979028078983
-28.1401084254005
-7.10587357629777
21.0508554260376
-13.101353724275
-19.822648396562
6.74210020262891
-1.06012030621986
-33.7846884393647
5.96904108348803
8.22148262943772
29.9683750365304
-7.0867886944158
-14.8010117181025
0.67035712451204
-7.04509200499078
-32.9734423103612
-4.69160651247536
-46.7662237322638
9.31906125473161
-14.2647898576456
35.8951696786331
25.107106230245
20.1443907524154
-15.6913210717634
5.26699495018224
-20.6977882525628
-18.6096976445947
-10.0447535529493
18.9289045928244
-28.6276947045464
33.4668565263795
-3.79769586806958
12.1682972455156
-24.3827102674108
-23.4565794411928
22.7848137613387
-48.1027603796911
-2.16190463178682
25.5189359584423
7.54534589858888
29.6657901410546
13.8791345954654
-9.24595438841888
-10.3688892627608
11.1205290433493
-26.0248171102525
26.2076026050806
8.22208455646536
4.12050391377402
37.5024831875202
8.43079054251912
1.30624676263832
37.777189354143
12.660996753988
6.51157200473087
18.1872574165318
28.0689137280527
17.5012567310883
-7.38322539373189
2.56439278568294
14.3482087209869
-5.13869824845536
-0.300099133390065
-4.71912194118408
18.7318969563301
35.2042282294747
-14.7783640791655
-1.43113539231194
17.5416086221422
-8.10044377483823
-20.4374448092406
25.7111809246577
29.8856301342422
26.4386049058595
26.9580600788556
-22.9071304242888
-16.2138401910825
-5.92331364962266
27.3672026146958
-10.155718492689
12.5344264029754
-20.3944245076024
-17.9600796495573
16.2211575279405
11.8571571979231
-6.28286062241781
6.00002542503814
-5.57639540720634
23.6439417808024
7.83034693868477
13.6873673427604
-29.397784613747
-5.70314876526012
19.2527627323526
11.6270656308913
-8.27834905168253
0.755684605019019
-28.611234490284
10.9388168349805
-45.0323369711377
6.61538920738541
11.3641894212436
10.0671883747418
-7.38073251265402
9.91710406024152
23.9529796262177
16.7468460309993
-9.3886270655822
0.512611712393863
-17.5009591178491
9.54546719194054
-29.0769810495753
8.19840451230831
18.0872847397635
-0.573239360996036
13.3476802500748
-10.0632312651212
19.2841956880119
18.5176140818582
-14.4711450514695
33.3969599325143
25.6257056842827
4.42714611069293
7.76663390756188
-7.95841445744876
-12.0445915607341
-0.436784745055145
-0.235811685308767
30.6579091358072
-7.39378518413744
-23.5792813021517
-17.7170195996288
0.62730928415944
15.9732645634075
0.00698853653034859
-1.58739608332372
-20.3592347727158
-4.38202089109419
5.62524599416937
18.4518653658604
7.71552848153321
8.97048782950807
-15.572088989484
-2.44279749257776
29.0741487790831
-10.2635425162985
7.15135832816425
9.7361883856421
2.18877902940391
17.0309206209419
-1.10389558111929
5.4473162355389
-19.7359722581617
-23.5400298001928
-12.097841749621
24.224412441991
-47.8213055448796
0.287617440397536
-7.28582300736308
13.1100659137802
-18.370414264006
-9.94750042818463
-6.88885019779627
18.0274621321442
-25.510323198986
-5.1471123918819
32.0042400581599
3.32108259220419
-6.9078777037815
1.00478253619565
-6.82612383964668
3.8341002502707
14.454855809183
13.4390475663691
23.5340579154332
-2.04351683711852
-5.1835201930732
-19.6979252410972
16.9623765592078
-12.5841302426718
20.2766110742061
-14.9397921749188
2.76452138993895
15.3464069392141
-9.37520419039134
-6.447268838182
-30.5056765012816
14.0039864590138
2.84675577568096
38.5545745434876
-38.0492405014117
2.38626117820307
11.4812278039656
1.63144003753354
18.1152816673868
6.75787316591704
-0.102800577466999
12.4222205222059
-16.221264682339
-4.66492707540752
7.96286734784746
40.5097018670464
27.0154029667513
12.0507421878874
-22.903572475565
5.15996118922656
-19.3401463323059
19.3793661319236
-10.6134796447673
-31.5905273124437
-3.69192865195452
13.343455584079
22.1914015319158
8.99577746396541
-31.1882181930054
11.9949791633837
0.672227575358626
6.87461641578995
3.83166602278189
33.8058910573906
7.82500439014638
-16.8912461778249
-43.2620383285888
21.9640046797249
-16.9713399101025
36.7741245025201
10.4264690915975
1.04022325923391
-5.24474947218672
-30.6281104255789
-3.81218181454125
23.0319382207051
6.86553021280329
-29.5743286414534
-4.61744146729166
12.499169403709
6.06613870026296
1.48766328044344
10.3452170581688
10.5502205997327
16.5276009626726
-21.4160847050371
-19.4420317469102
4.372728447172
-0.183644193717877
-10.220141000729
-4.80987310072602
42.1032267230358
24.8707096228943
30.1600437166533
16.6441703581561
-4.76059422491902
0.77329855876848
-33.250852630212
-11.0968097374456
-25.5446938141626
-45.2445818462958
4.16496544535133
-2.22598347259592
-5.95822153465425
0.184589580580816
0.749495335916297
-44.7011613080711
-22.2771046448406
19.3177341552371
-28.5106755132732
10.9174837217185
8.76079253437853
16.8872376277162
4.27574756591701
-21.3823503695815
-12.4944890221675
-13.2106173406908
15.6234503543397
-21.4652759049385
4.60156683533001
6.83233251682725
-7.99021034809206
13.1593805429065
-16.3478682319523
9.22420907764539
10.5568043550649
11.0807515811346
-6.18319556925418
38.0953355290567
-36.2126599885397
-7.65641167393831
-10.5043388314554
-27.4165066749331
-3.45564982712334
-26.3089676177502
12.8627877002515
-1.05646636466009
16.1834152041565
3.27444818668462
10.6827694217361
-3.4294439512796
1.99935879994882
9.54220057136919
-14.9491298578304
-19.0694055117228
20.4669415653308
5.76010042623499
1.881947789629
16.1962617123921
14.4400745736919
-4.66646129994358
0.212608100041219
-25.9124323484987
-30.3362744042639
32.5231291689364
-6.59075357146948
9.38636264726196
-7.98919009916071
17.1187029083677
19.9906396613343
-4.08654011440401
-7.22259840113011
-9.22641315984075
-5.12516523961071
-21.8610566088301
7.36605693864643
13.9041817256006
0.2654149804064
-1.78085407264991
-3.43120974334053
20.6194323198025
1.92148323394813
-32.5271724935056
1.13302292313031
-25.1735243227073
7.85252449035769
-1.12410715036912
-5.47749159543832
11.354241354682
-31.279035221477
-19.3313218744074
5.44132942114959
24.7669483817202
28.153434730022
37.3952232288287
-33.4185452480862
0.0272869339320518
32.631161166772
34.1411292855094
-12.8966129252001
18.8458956240644
25.9185012861982
-8.41958476337838
-26.1562569129934
14.5762319773859
-44.1714360231557
-15.8150155145049
-7.09081623291686
-6.90555867940308
36.5614121122959
-5.14920215352013
5.55551253271693
0.344452748092976
-25.4012840520019
23.2601843541758
-9.37072587253073
-12.9300640035142
28.6956242598888
30.2649248983719
-43.4089862425663
17.6990018428876
6.78875674054872
5.82636834534218
-3.73080189514579
25.2589742433994
21.0147133898585
-9.72806866279152
-7.07474528743178
15.0041095840687
5.94609561352106
1.57992130276877
-13.1678841867305
-1.37513022022465
25.4713503184914
-26.0160434561423
11.835771793
-21.628394482102
-19.4379230629843
-4.00864602729233
-15.522639878163
3.95782738358546
7.30359309952733
-19.0383361934469
5.53587266827219
1.69159404519691
-20.7476659466295
13.7138355506564
2.12576967131657
1.17990516558031
18.4060967634658
21.6792600377205
10.2502597075987
-5.52284189776281
5.51137864938339
2.4474080520647
4.3648101272303
-10.7050915347825
-14.9248750426249
-12.997822602481
25.606707760289
-30.2437207172168
14.3839516059005
-13.2301652155049
9.75306614759288
17.7444021191359
24.8081264501558
-6.31104123540621
-23.2799030709632
-5.07250543467142
4.4776351724875
10.6301351708217
27.1332044743148
57.260317194799
21.9552607149992
-1.27449941091066
35.0897514789767
20.2213989617306
-24.1261289198166
12.310638094004
-0.043923662714541
4.1872713059641
3.61186506228594
11.4781160349645
23.1131979331392
0.347900696747624
6.95785049113548
33.1834200791288
2.7154911433227
-13.9012015706526
0.0786300281843695
-3.20883085194268
6.5993798633347
-18.4397801632867
11.5536510533625
14.558531811749
0.455973789067929
7.259822619088
20.6820557929247
7.07280854446963
-3.95100343271036
-24.6534053682178
-10.4818238122971
-18.7992689409252
12.4885420120703
11.8041590484871
18.1687209459002
43.7115973034754
13.4467804623904
3.62082785842679
-21.9436791884348
8.13507705956928
11.5890507389779
17.5813055438837
-22.9841092969473
-7.47452301066213
1.84788519305987
-21.3088261778329
-6.03245612691807
26.911803182249
-18.6204164813349
-27.7275825729215
6.13108876337368
-16.663758153957
13.8794099753824
33.3365092833221
7.93476833714579
23.2678231149808
-22.5506527531645
32.9965493085448
-12.2971302429015
4.22689652886308
27.8110452736878
18.6133397809158
-13.8732525177883
-15.2762661522883
15.1320566896242
18.2703730679708
16.9298893499156
-4.95956213035087
26.3699842685925
10.0580318069465
-15.2051800504067
-21.6439187093614
2.58100875982198
18.119683953793
11.3399699045862
44.9772042824846
-21.7762726358416
-3.28594163874641
27.9165399657902
-3.7943822385844
16.5866525367071
-9.28924869858763
6.47384447982425
-28.2455342515358
3.15913153847642
-4.48685314259155
3.63667182746126
-12.5736051437007
-9.78113624907415
14.2001299336714
26.5568253611779
-4.89539604751118
-2.54199367812817
-41.2963344994919
43.1485828200681
-25.6871767598546
22.8746190871435
14.8158190109092
-0.456414119456895
-0.00891041060156239
28.2486541811553
15.5018266694184
-23.097629385519
-8.81975185495388
19.2298200755755
-0.328832456277919
-3.50861700833874
-19.256092281445
29.6704844902297
2.75771970874724
1.14071485116733
11.5384299607868
-6.2208364278475
-12.1245236346157
14.3473211923059
-8.89306852947581
25.3423264386266
11.6710117948184
42.9933776632805
-7.52108532305733
-19.3617479777302
24.862019316098
0.0859093221980687
5.3046597423448
12.7746280744055
-18.1866156917536
-1.83197403640529
0.240232183791284
-2.29763443448343
3.24663685256313
42.6744062551716
24.4332527256679
0.543216310311808
16.3894780107602
13.2994292117471
-10.7061886290787
-11.9139255909469
-6.21075316222317
11.2251869857947
13.5940246242053
34.8090951258536
-28.7328951158221
7.85021184258758
-2.35429112745604
7.54225994328016
-0.222503281482316
14.1544726477419
-32.9031202960386
-23.236656804464
-25.3397812399187
-8.58587346911495
-8.05589081650253
37.6347856533776
-5.95330906175987
-29.9354911923102
3.09728310302005
38.3806455385681
-48.7336834735194
-8.13991511247922
43.945020601198
9.15972929565669
-27.0891517276007
-12.0904380870403
-4.47991562264426
28.8322686999813
-25.3507259888956
-0.56973573216816
-13.8926433076829
-4.73950165344586
13.8463557598667
-15.7841013996882
8.26489015664628
23.0839426313026
-29.7236661242065
4.10530560746707
5.752323156268
0.693254284600476
9.15101631015231
17.9449549599711
-0.407586248255671
5.91768273434176
12.6558519204346
-8.87738928826133
-3.82936105466943
-6.94279457404934
-28.4602149954544
12.1497754382295
0.412400263714987
-26.5313372867729
-2.10208131413074
34.7850669342069
-16.2052157126239
8.53655247896129
32.2847403508517
-21.6370715927898
-11.89377088865
8.27990277703953
-17.7822069230104
4.98659087284764
28.3343902172357
-3.25586434673486
-41.0576926610637
14.6063670883988
11.4935710192267
76.527082634607
-4.76965349146526
33.744489165421
-23.8187894238706
-1.14738814424856
39.3315540106085
-5.92013118779255
10.9304160079093
11.7924275260099
-0.916346260076572
21.800269584888
-6.55786063084062
0.292356500497117
3.50853326982199
-23.4459332155676
-6.29679771405686
2.36339677406029
28.8891581103197
17.9285929370107
20.0232787633909
16.9656410592012
26.6527537549834
10.1686466905082
0.849639325530672
-12.0364068194445
-5.65430036977547
2.39475837357892
31.4908950025255
1.68051660614754
9.37703855444225
-19.9459645826814
-28.1200787230721
-2.47972929945908
35.614002119414
14.772510144709
-13.535978501945
8.68427521628572
-23.9271964071496
4.81018909142632
-5.84119421612245
0.810480187776963
14.8797819859577
2.84910095127273
-13.6097028019696
18.304305844743
34.8856953689691
33.271848024228
-28.4871128791661
27.5271022955385
-0.666172810011646
-19.7027597045473
46.8437048223127
-3.52524456330957
15.0222629466915
-16.7668977458281
19.8610737712526
4.78993013263991
-20.9646185898315
9.03934108944793
3.6585310517613
10.53672853501
-0.442970430422423
10.6561401651268
-3.57357243571888
-0.79485423518424
-5.36128535239126
-21.23058189867
-29.912516976184
-5.78290834186207
-24.3170307408881
13.5912711443278
-42.8198035969417
-24.4922400405832
1.58772218952056
0.923146929560244
-3.09771881301682
-1.58397561825537
6.16596871468649
28.9100920795641
24.312695453211
2.64408926214654
7.16250775811289
-5.5665029594956
-9.88419028215995
-1.91307028934402
15.0651704135327
37.3202438031593
-16.9818158434964
20.7902261162857
-1.9359318462797
26.7807282128175
12.2865771921586
-55.5558916406475
21.5639539485081
24.8314953749345
-7.84880012453419
10.316461729252
5.51372559744106
-24.5771273054378
-9.30785040464693
-3.85640522862638
28.3185307927298
10.4190782556851
9.43883344213432
-22.0667213512767
-16.4137297784207
29.8667927111291
47.5440264845551
18.6953985509331
-30.5606597575498
-0.192396440156412
26.5423895304497
6.66241516276441
-38.6591176214143
-9.36557782395029
31.2845109333963
15.463718137338
-1.62540036038843
28.7379078400216
-12.7308736827772
45.1545655717109
-17.4604337125706
1.75577025950244
15.8765978703496
14.6924869831096
2.17814304909516
36.1401531138854
13.911785086264
-2.16948156227245
23.055054824425
1.28774949686896
7.4642423783712
-1.30370287294014
-42.6485433999435
-12.8235489266772
-31.9528167631241
0.0658759149209069
16.4146822839046
-7.14835287280461
-11.3500029148166
9.79920100441878
5.16594556285597
8.14315628766108
-29.3772430116879
-7.45360887374595
22.5734502266255
-6.38588836006148
-43.35017571198
9.93670049881062
9.13862371624732
25.2378846344275
-1.4857573455135
24.0698614731967
25.5907388392064
-11.936973175107
-11.172957598299
17.5267918416831
24.6219789215648
4.60723957697384
4.13573271247309
24.7488770893168
4.1431249373851
17.7132110914248
19.9656630651171
-6.27415530407388
3.91852972084025
-4.66457242262492
23.7023216621715
17.019884735386
16.0030582178894
13.4457064863691
7.6210277240701
-6.4222736449402
6.54376693319689
23.3002544195949
18.3033057582441
11.3544316650546
-21.0496159694838
11.762283885306
-18.6714640337374
14.3146008789815
22.3686301882768
-10.9466786020256
-6.84764514848378
14.8198737224156
45.4532057148066
-5.37277034815435
-9.25226717163813
21.8090721023484
11.3927906655962
1.14571358220581
-3.45718781226796
2.87723533217217
-19.9564138846853
3.65153388280959
26.323557726991
18.2269617874301
-10.4622351072573
25.5128689329259
-10.3309220990177
20.6415704753726
23.5699474377371
9.21136468150634
-25.4404591796861
46.5087952627009
18.0207912206276
27.1465262612811
-12.15464561139
20.3267076512571
4.12199967382861
-13.9656398856268
-19.2057110167885
-16.3634311623611
-45.0127761156806
-13.4862171916514
25.7673158946226
-5.46668642466891
4.81498803718999
-15.9312047906631
-2.76025607806849
38.9483627939594
15.4171015713117
15.6810859467078
9.50147931186617
8.81648854306626
26.0549765753799
-3.52723650968585
2.19307399089657
6.30572965588534
-36.6543585760935
30.0164893378308
-2.08714698960569
-22.5573327704921
-10.3196733781218
31.1856884385385
20.3780143579903
9.23728259710732
-20.1032513561477
14.5974144524036
36.9600233549803
38.1650636245264
28.2451598390428
-7.06628777751345
-6.97439547154549
11.8251167760814
20.3301566521891
-31.7775231447099
42.880291639205
16.7337865355239
23.4635914265357
-18.6595556661683
37.9105381754892
24.3842670101081
10.4752017426387
26.0224957119713
14.1889471538963
-16.0996485675097
-41.5136749581735
17.6813164535645
20.0777620819977
24.2345490115326
-3.30762014811692
19.1539059961922
-13.8321628872102
18.2984839461096
14.1729729667127
-18.9823777075058
37.6804611319223
39.2127351188648
29.5775332116021
29.4276294235813
11.6207343914778
11.0015936621108
4.85220088391039
17.4806605751898
7.41715986426979
8.08970865115228
6.62109351164133
-23.1764592589992
14.3591315982827
31.9885329625594
4.30350669846049
18.8728011458551
-4.20659689261574
6.29299956735242
11.5706633793555
21.7701091211553
6.42157571579263
19.2801232232634
22.4934196911848
-17.420357424824
9.02289978880116
7.57305650051027
0.606120240674256
-12.3486529667106
7.14717062216051
7.04726826714633
26.321910933586
17.9976728178003
23.1994345604147
1.20499553695585
22.7567966365723
21.2035343400273
31.3100315329211
-8.34023761113111
10.0826182083287
-10.5294222469564
19.7889168091922
19.4124509031183
-37.3444974305464
-36.3945975064956
19.9407286139463
21.5683799624207
13.4677519875864
3.38636248523817
-9.58892237463067
-16.6597588090503
-9.51750484195817
16.5398044714644
-34.6104269523297
-29.4440838906412
29.2290270596153
-24.4034813339276
16.0998217988358
14.6262968362774
-5.38331687589891
0.166608938378738
-6.37011541076401
-3.80349532931563
10.120421820016
37.2048286020321
12.0047570051443
18.1226356650502
-15.3506046157502
4.51801620039686
12.8154871466069
-3.22847253898644
16.9722533628966
-10.3839937679341
-2.78075512139053
-3.45076653457089
9.45717346077997
-29.8469235452034
-3.80874380904449
-7.99252996923393
20.8658005265594
3.19795170785662
19.216540394827
20.781684745303
-38.3160362431846
-27.7910647093427
-3.2096642450972
32.4786575835469
10.3266715869395
-4.35448683345098
-18.6644065305738
-6.98283590174092
-11.2141367356784
-0.827435208352088
17.0809011676672
-17.0189379402032
17.8824644812791
-2.38920763151238
-12.9403248258876
-17.710547477314
6.1282001751105
-23.8577169854359
-45.1979513148206
-1.36197103331802
9.24202027993681
4.83394129146041
14.727493628605
5.10254320149043
15.1658998254252
1.22586321375367
21.4326678448703
30.1119123089237
-4.6606959575739
36.6079549208977
8.71756126366806
2.60426700501217
20.5126619640341
-0.126832470429499
-4.31758571203929
-6.96823158799378
9.69134820020401
4.12806081095549
2.26034089248604
2.18794009450305
63.6044353814685
18.8711655380404
31.3654425164329
-5.30678961168155
-33.5343681158589
-32.2114386867075
-26.352585548575
-0.816949407574089
-16.4936627304961
0.983299227093969
9.89885515237348
-7.6353699749149
10.9089086858253
-3.59670066870684
2.4811437519353
32.3608199723545
-5.63378253093627
1.84474030867373
6.89670542563402
16.8543494992616
4.24146292278122
2.25968339010693
-14.5293901624109
-16.7702380959971
-21.1159651153921
10.847200543682
0.448149349572358
2.14776861977871
-0.605692593513361
-20.1289353829787
-25.2013347858564
14.8254272548296
37.586329892386
-7.30630225750047
-41.8945419628143
-2.34298862854178
-2.1852013734864
21.4164265657557
-10.1993456222816
-45.3255534979938
-6.85822664255188
-2.39219939999552
-36.5104047456032
15.2555267932352
-15.249400452251
12.209347190049
12.5925119123084
-18.2328142187113
13.1188567460487
0.629511102714094
37.0535008166242
12.9679824443555
-21.5416682613938
34.2471018896278
27.3000623484419
24.7220489689722
41.0113478295334
1.36694936004542
2.16916786984541
-25.0365365803692
-23.3479317045827
-13.7507459291983
-6.26068925983916
-6.10761268205411
1.37728318689918
-23.9026421159076
-13.4170493625606
5.41687355682129
49.0229089900749
12.5407102754301
28.0346330998311
-18.7794848868377
10.1241939171294
-11.9170004784231
30.3938389284159
-15.658371713611
-11.3529411839556
11.1891977575778
33.221002953176
19.2325143566908
7.14908628876032
17.6920216616548
-5.27583126104659
-3.72739522956573
42.4881293481266
-5.30422270647691
-11.6076296161726
37.7680559198733
8.01848670852786
-0.0752079517886357
3.4034410120183
-15.7896846680855
-12.5523629675055
-11.4205220773339
0.940506257964481
-11.8521087209095
6.12968700609663
-4.17953006509591
-2.0592173285553
-10.9167515594328
-33.3803625706227
-12.1427241921368
-44.2100886317644
-14.3382874176712
-16.7897975637077
-4.90178526207056
33.3944408392126
-0.082338722087345
18.7388581822518
-20.165975683354
33.6552366841804
12.7151228641198
12.2822421824021
-8.90275324209712
23.0616389951903
-22.5773205381507
-7.84153217507767
-8.01137633697733
28.774849662498
-3.58260498314797
-5.13754408131993
-0.86055618447647
10.3509204975309
19.4589231724083
-6.36895048490365
-6.52666786405488
-23.2265435865328
9.20850188759065
32.8892785180563
-8.3536715174224
-9.71943452578268
-4.88052534222058
11.8675524153697
10.9122089650525
-2.16903140887262
19.9832277966695
-7.66223483278799
13.9138435099702
-27.9578491939691
1.71733830124149
-6.89044160045492
8.34542975208627
-8.14038019498844
4.09512411291902
0.740748578587371
28.0251940050762
1.77327496675415
22.6651263440382
-9.00145561739175
-11.1208987082488
-12.778260831227
26.656073882462
-16.9243961886364
45.2676817585946
-5.05331794295171
-10.2912595813697
6.22870159792351
4.98170924836762
-0.864253276016057
-11.7355818828219
-1.63468910031164
25.1593247638057
-21.1617377053364
-5.22727610852833
-36.926437173044
-31.7698759458916
-2.91790803520747
11.545972569399
37.7792477080356
4.18254000207255
4.56096167892229
10.9345905802536
16.2921677636099
-17.9948479430529
58.1176386086989
10.1426962117044
-3.41563794529864
7.11722800067993
0.328280378441103
8.5064573226348
4.49374061571958
-13.3794039371554
-5.05224026693268
-10.220216816747
4.58488231252241
-3.15593670089289
-11.9336930191596
-9.12050543322006
-15.6635032090913
-8.41501565762615
51.8862206598442
22.6107822046803
-11.3600489763629
-6.67385584111729
-2.75231604960314
5.79265437002431
-4.875994145528
6.88381745664919
50.8982024488918
-18.8109317517494
-3.09503663210958
0.886095099021173
-15.5674838521815
17.3354529110945
-21.1694093038621
-30.3794045108255
-3.5038087439604
22.5452494148187
21.5221764893162
12.8615779724741
-4.70523835524867
0.114460317717656
-2.45045135470673
28.0889977608392
-20.42228537696
22.7836502248972
9.2446312327168
-23.3436029688736
12.6571305698544
-6.83430410256516
-5.75771798270383
-1.85685581614551
-0.659115563847649
22.2907723275316
11.3662187320136
-15.1623470650449
-5.58235136661839
4.97143347210939
28.5319696685802
-5.2140202886135
-1.62702198975974
-9.16398369494563
24.2888413452277
32.1092239246649
26.0919180213709
-7.8513191071021
-7.91652332746332
-28.8707631894744
28.7320413726142
20.7548008123879
-14.4822105663688
-3.08070053708748
-4.02796530658438
-24.8048547687668
-24.455816636569
45.2830543090589
34.865798666274
-11.9191521584993
9.52372277524042
8.38740298694783
-24.3860800745296
1.41015358255048
15.1302728807816
-5.40723561436676
27.388224934555
10.5105229396886
19.5663710354968
21.4509739988817
44.3209745080909
20.2351490126101
-23.6489107682581
4.64278076718646
7.96796862670421
-34.4176248398146
37.6250534673769
-24.0500522355508
-3.68838632153831
-20.6100939830034
8.78540243459082
30.4943731058786
-13.6397165320495
35.3125826596355
-21.4365801793904
54.4357797749307
-0.877342938595267
-21.2993632204651
-10.7622387614737
1.07119672682778
31.9718732699337
-12.3366975018082
-21.4634494570427
14.0718475102502
0.39820574288603
-41.6829594058828
22.5977666343171
13.8564950776365
26.9057457789023
-29.3646224640409
14.8475496742929
-19.9447976375785
-6.82860941654465
4.25785927756372
-0.120836565625623
8.68848725250739
-13.9930047152156
13.3956325616595
14.94495448716
-18.428741526562
4.71387778799646
12.817008485526
-29.3645482560795
10.0175579557716
-14.520329663603
-11.6483760494851
21.4701853533164
27.8039587326608
-1.87566697808437
-24.5277744518704
-11.0356384561528
-6.6848648394943
2.27091390184619
-14.3335560536193
2.87416681250813
38.2729113247116
-12.5580173248934
-14.9456135157958
17.3678648994692
-10.5620780215099
-5.67118791913828
-3.36654056666639
15.4194162386106
-2.52474327532362
-10.2426367935914
-5.36915585084962
-5.81163856145503
-4.17112553752565
57.9092695147665
14.8049070791656
-11.6697741388395
23.3843076847209
-36.8020840801811
9.06911769253367
0.529742996805552
-10.6424676133171
-20.0159206945737
-7.21617338833972
2.85731274343381
-11.1732873644187
-5.04907437836473
11.1884848056805
1.06758940516704
-5.22155111344421
-0.909169827346403
9.50147711710671
2.56851823393412
13.8445400757273
13.422490578421
3.5819606478353
29.8262488860255
24.6015901965517
3.48026766025464
-5.29877057650075
23.0929278504462
-22.1774596420913
6.27245377490848
-29.8988059183856
5.723664208233
12.7331645201802
-9.33053894602918
-7.32234056452804
5.97180937175175
7.33559571482556
-2.16346239654086
28.1792254052221
8.55601980388098
8.82520811760936
20.589273901681
-32.2541771482675
-1.69001955012569
3.0279320017693
19.2038979580929
-2.43444318751764
2.04029627547972
17.4132375192617
-2.70580898065456
-57.1535705470895
24.4951339481886
-9.84760373897398
7.34142339757067
1.50347082598456
7.00450991248912
-29.555812355804
-19.5094387259197
23.4134316690175
-6.77918242515523
17.2412524912893
21.2246439909053
15.8290940817531
-23.0329919281301
-15.9114886921766
2.98438610837174
37.6101961375136
41.624140248594
-22.5164438193647
-21.5845077494341
34.9106459909303
-34.5327045862881
-13.5710220027875
27.6043953278251
-41.6194702459428
19.274031160666
-11.1217974821548
-0.548557487970461
-12.5306660339042
-8.01677043048044
-18.6349098366821
4.99109351452895
-0.914723103028337
7.64374217387207
3.24010892952444
1.34408152476766
-3.80012326435163
-5.90588926650874
-25.2797814268637
-0.621750286242267
20.1871783440975
-4.74317445296263
7.83106598359645
0.444755490112501
-2.51695766974307
6.04718375899445
-7.22725644796773
18.5402242913611
25.7502934685715
-18.7723461847198
45.9502826437986
-3.74001165264342
-30.1868657488284
14.851677027217
-14.6501431798364
-1.45250077024384
1.8302172742323
-3.19697979664266
-21.2034040563002
-37.6167116610734
-20.5520171193097
-18.7664710622596
30.29680670191
3.39461335898742
13.9069706998623
39.1180303584023
7.21535987634235
-18.250265575713
26.3086604245414
-4.21109604169743
-23.3255615952582
37.3564592288096
-1.07289466650578
-13.7479207110309
-14.4395385524646
7.6540410432931
27.3080919220895
-14.3075335384298
-3.83945741454055
-11.3878151243378
36.1069545931367
0.883321287096275
25.2002423032313
7.03318873201334
-8.73530028963203
-6.12607532925876
-1.95859432254934
-28.3024754188105
8.77555433860466
-20.4006256754061
0.775048611054078
-7.1793395449949
37.6483652270905
16.4177441768838
4.82989692487696
-3.6054642987856
4.66600031966391
7.00930106075711
-36.0953427093016
-11.4131166431429
3.26595924338996
-3.77149173041922
-31.2654482657751
-8.64412543987602
9.53307919236724
-8.83794849586611
-18.3940620435871
-6.40265752072933
-14.9650260076706
-6.50171084415907
-3.67843852200653
5.17496035410184
-1.90378716930699
-28.0731938352142
-3.01961464749295
-1.57999481017735
14.4636439736891
30.9645421088891
7.33963591636336
-5.07464974490819
18.1668141591247
-0.65561207977607
-14.3182202183109
18.3077758090847
-24.2695627928869
-6.87320305818563
-25.7683401090105
-37.1031583391519
-12.4074167189473
-7.11263760420656
5.6737384308674
-9.95999630787026
9.57232327030523
-13.9282071957776
-12.6653253003975
43.6855084762888
-16.4637047819438
-1.7987504200052
7.90050970080939
3.93108300312227
0.282004876949734
-30.776323254267
-3.76473307000633
-13.1981055777308
29.7357129407651
16.2163587418908
-5.66689798262027
-9.94428420161138
-17.1374547360194
-6.50731361305864
-25.5822891096922
-4.24543272753229
27.8862871740686
-18.3739455772437
14.5094693324441
39.793462759951
-23.7556916339155
-8.5425795210333
2.78891784158309
-8.11216672428032
24.3350406060637
-24.8688800308691
-1.41157329817349
-5.81568556911241
2.60381033813348
24.6264563884008
-19.4120393545457
-14.1092813394544
4.40866430909449
-3.4093894754592
7.2774213600224
-32.0083860405219
-7.09296491392552
11.543551948592
-11.0494916510708
-10.9461488730744
-4.80391869827724
-19.179307695393
9.9699770238909
3.17839691106314
-5.89036774518502
-13.8671820404139
-15.5144923763006
14.4898728805468
9.84711974606218
-6.45326746534489
-8.66859807668475
0.465515031967107
-25.3692668189226
-0.678386156135698
-27.1249499586899
26.8572216817299
24.1241122327588
-8.10065656876556
-21.2822914153432
33.2569149984314
0.415605448027334
-10.2856631720349
-21.5925109073745
-22.9472710036961
-7.73772653644858
23.415091957392
-28.562093160884
-7.4293163278417
13.2591330107939
10.3559123630366
-0.949880859268447
-24.380206604776
16.5201256889991
-23.1604890658767
19.8479721672339
11.8314065288901
3.26377807899928
-22.8125848545341
11.3571788563058
13.0368376141719
-15.2463738250558
8.36304051566861
17.8209783086256
-4.37530503299848
-13.944491070779
9.76743209082317
19.5224205006662
-13.2107732019552
52.5807173674151
-8.67627083163004
5.25331191864596
48.1275611452177
-9.33388054642249
-14.2370683742335
-2.58821779333071
-15.3687840634658
-3.06908419145082
-20.2604556538909
-16.2428048708892
15.9449301845926
-24.1082522793488
31.3287174637669
7.66822249890894
4.56290950829544
20.1196246139395
-18.4995784468355
-19.600504738929
41.6510129484952
-11.6104102157631
44.2264391250294
12.3080444330301
-23.1286515880079
10.6031565422047
-18.8543301473896
-11.4292632120002
-3.43256278518133
-20.4657263513382
41.9498212871977
-23.2818677051988
2.12015551618123
-4.02481917259034
12.2191861777106
31.4912043045425
17.1655350937559
-3.2017879395578
16.4416230490615
-19.2651322025817
9.48806952804068
6.90530622031415
3.54746031878587
16.7825494488711
7.52842912254652
-18.7337058299773
18.0743519202612
-38.0919469890169
-14.9667825000914
17.1064688607545
9.56654451171998
-12.0482788591829
-0.963110939253373
29.5326282626516
28.9237506026458
-1.90174319342654
16.1879507266132
-11.7090211712878
-9.26241799807911
20.255519161652
24.9847396930027
66.9160858467781
-2.64685885167656
54.4160749472486
20.335749597295
-2.06797107482777
1.93887705094827
17.6236975451751
23.1401293836061
-0.987875569962449
-40.719773719829
36.5383588880069
0.446501627053175
-5.6248698486297
4.56522821493598
27.662124260719
-4.9603656358852
0.576318256510624
2.75004147575782
-1.42247723704891
14.9511443936911
-3.16253500382177
33.1929386971717
-42.3444221857508
-9.45704585776542
-16.0286342968216
18.968096909986
7.89455568683285
15.0060045430763
-8.3051951312318
-7.75228200703843
28.1816440082986
15.7001679171052
-17.8243478730477
-18.6891478943688
35.1560226793631
7.36353589975177
-11.5778962957651
-10.6094760958668
-8.55845930897448
-14.1948558388136
8.2434189225476
24.2036884655955
-23.8694506915855
13.9857957063531
-17.7483020017977
1.83529589965886
23.1533768992939
-0.437922803377877
49.3806058531996
-8.86637227450938
0.218279590928779
10.1521898043061
20.5170136046954
-3.05418793262236
11.8675732287589
-2.10281283185928
58.1178264836046
-19.6169368955606
21.5319869749557
36.0606720221884
-14.2439558504024
37.2326810794463
10.3233868386065
8.09128921865227
-5.08380556584919
36.5609963927991
-6.04812431526744
-14.0739570780742
17.8910795133137
3.41906844953718
-11.8166178285981
26.5634232371798
-17.5034973062767
25.1399844448067
-7.03035342791089
26.8393529292567
-6.13821088614393
12.7390985038038
6.20043676780171
3.77199473568685
3.98300999445429
0.125865641246447
-3.08159732292959
0.206849619426039
-25.3323810116958
-28.4659578641943
-5.94574158234514
-10.4543324126065
-24.0849207593126
20.8569490537127
34.4130352963456
12.8208179371984
7.65690424003178
-16.9158050778698
-37.9750730430042
-18.9813997029861
20.6206879344335
-7.00783918610709
-9.74880462567997
-28.3870186325372
3.32761874029764
11.2913651895877
2.51844799791699
-22.2966838617073
-15.8877645144789
-9.10009975723404
1.76400848319531
18.8190922198995
-29.8510425184604
-6.33725050213434
-3.53379830339994
-32.019798313378
-12.8518570848133
10.5879314663003
5.23288659814158
-10.1681710135558
-8.53407040647729
-12.185783292278
22.8854833547582
6.70707662881528
-7.62361696606416
37.4954329823433
18.0003699635313
12.0509124054434
10.7533348181937
39.4723918623163
-8.76687165423282
37.2575323238407
31.9932555002255
-5.99268651698482
15.3069931417659
-10.0969234127344
-7.86567198622883
32.1160278541477
3.89858648986801
4.14323104664228
28.3706955425015
10.1485747316475
-18.9222783573967
1.54821226350925
45.3652625907666
-11.0263004812412
-2.12103677868625
15.3197844020303
-4.85950096821347
21.4006661535413
-16.6505663312823
23.0698686192166
-5.23233423524378
-4.9704079955574
-6.59404998060795
1.18567004888812
-12.5670456843859
17.9833695377282
7.71611962238296
2.19296923432439
-24.239317909565
26.7322754114423
-9.18805181864504
11.1149432936757
-25.5312724335608
5.62861854847509
-4.68262500110447
-12.5463251102931
3.40456668532518
-36.9198449279489
24.3943285834865
26.9611188481101
20.6375559582667
-16.9363864363825
6.07933458508108
-2.2740321276007
-15.7068966546566
-13.0549148442436
0.520669065807047
-18.9977244258415
26.445406179673
-19.8858496009716
-0.889040227064466
-29.0649966439191
15.0692868801742
-8.19219446987785
-4.19748603848632
15.5186847996057
-1.7188085080429
-15.9433348244593
-7.97450415816754
-7.48791941073092
38.2378287510166
19.8906899807876
-29.745529794279
6.10067037562697
6.08064495842091
12.1550691073305
-7.80902820298769
2.6772210839981
4.74614790860924
20.7905545152672
-20.8944089845557
0.934035306478913
20.9995029879544
0.0599674499315004
-34.5818886714794
-39.5486834978989
15.9482500212596
5.46176405460818
-13.7625406871304
-17.2297553212564
-3.76495130165465
3.05767363392735
-3.49444597766419
8.37528431571148
10.1967174583717
13.5880412065208
16.3130729723799
0.580217121913665
-5.11133279409892
25.8718067753087
-4.08810732290244
7.76150931213568
-4.83112982862063
-15.5299816587648
-1.03862486032582
-3.4791987907785
-3.84012673231109
-19.9714435099343
14.189467562361
-19.0060852413537
10.47355077644
38.2246082653831
10.3201100664891
-4.89342272608809
-9.68169800820563
12.6964997233189
-36.8062735193273
5.41886867044359
0.520510509362102
-8.28057148811983
-32.0616320026944
1.84900771834769
-2.81145710372574
2.75206901663965
-13.5786569597982
27.177356048622
8.3477345433438
5.89568804927855
2.27033391503994
14.1247224948146
36.5936879877462
-15.4735871364788
34.2429135246044
10.2040294982807
-28.3457249989386
16.0443887847603
-16.8222035950254
-25.9015157169248
-16.5652714410475
15.9533998340856
-5.87606172269482
-11.6418212926098
0.719396692414361
-17.6250306500706
13.3772809286128
38.3544129173777
21.9904053530621
24.1042698614204
31.692921132266
21.8957744117941
-30.956356277416
-3.65921700788447
14.1479621597782
5.33176634756237
-4.38488883510783
16.7504183792672
28.9556278861979
-15.9041786029463
9.30038017366499
-19.0941499081719
29.5975415338193
2.13602764187945
2.09696910161547
-8.37191162764021
-31.2075783647154
-4.66107479207298
-10.0099275685926
13.9093177909501
-8.42222762422414
41.2688669647642
-6.08680633883885
-6.52547362860118
4.44136720220929
15.6908076058055
-17.6851092334559
-8.90457794887926
-24.7022729615706
25.844587804437
-1.93318362378169
-25.11202014113
-4.45485557066206
20.8556132093031
-12.4344612886393
-16.7605832700712
2.12735774792069
-1.88068988397816
1.50525718192943
-4.03026247750938
29.6053711079781
-25.1465627332701
-7.5900550400946
36.635441118864
-33.4078857939998
23.4468031912178
33.9910612518199
5.65016055823291
-27.2438355286891
6.84669309275947
23.5087591290439
-4.63995137553631
3.76528107706876
-6.05993031962848
7.02319635776178
-3.43732531777294
17.6028746127816
30.252118222451
27.5879228093425
14.5481880626464
-2.83906065707472
13.2709660904104
0.539731318839547
-12.468771772652
-4.56787963473
8.53494526978433
29.6043403048898
17.6837141969483
-16.1012442407946
-19.7842583911979
-10.6763796046031
-22.9102338802198
27.6490430401275
-20.6740810577266
14.4853538756972
-9.60979450641431
44.5876383146919
1.37511852980529
20.1734684886528
-37.9693883064626
4.43149574376862
48.9215642911057
22.3155610482983
-13.2107097371012
26.2800928304665
-28.600976911707
-14.3871485550544
-25.167457412146
-19.4390878351322
1.6675318264588
8.24988609028413
-5.19397183896559
10.2009290068777
19.6169976804153
-11.8757480503965
-5.37863786348361
-0.0487883097524273
30.8643345147238
8.13118605878454
-11.4910165987236
4.55236346508312
-22.6940760315706
9.19871374371889
6.69033019637353
-15.650435587875
0.360947552740792
2.31513368790983
24.9989638445341
-27.3787506082695
19.0287017875674
-30.0306844256114
-6.53229328764444
7.66368795231876
-8.46765976101945
-27.224579694477
31.7777868139921
18.1367105072508
-14.0018187306192
-4.87749090149757
2.94948841995409
-4.48426494360389
14.1129334739336
32.8464945471478
24.245693005007
-43.518016279581
-7.86179557816814
-26.4204935005524
15.4481166992061
8.2276759839591
11.1048833796535
3.60578555228072
26.5750836620373
9.47239798254374
-1.37002647845856
0.131163036289951
18.2875562291668
27.2402899036313
-6.15214797425695
-0.523713828214483
-12.6741109911084
24.9804846290743
11.3281481635257
-49.1856485720876
9.32927619523516
-26.2560148544039
5.72588628247925
-0.733921269757559
55.8954025903289
21.0560946487909
-0.434267475600569
35.9881044766158
9.54559009048605
4.05698010461315
18.0817812881508
14.747271996151
27.9340230068615
-15.1890234346035
-0.811744565020948
32.7372258941211
8.06784531097743
-25.1916169926008
23.4756730289634
8.67905359971217
11.1080350416704
1.92546103581659
17.6173259074613
10.3353178069004
-1.34951288955615
-27.5645830949839
0.82458248992829
-13.9735771916457
-26.5756324317092
-3.84824555343309
-1.97760293975627
8.36362730168463
-9.8323283082711
-18.2457846823439
-7.77172239480948
-8.09522079046546
-15.4755600254738
-20.6412989377366
-13.5497457393484
10.0921591836999
-15.6034793990484
18.8589717747042
41.4172099224578
22.7453479817532
15.4744450551529
-7.14389448947712
20.2072657761645
-28.8397206811767
19.4329794610373
-12.8904364437209
9.50561320527252
8.18997701416564
18.7527299191971
37.4509634800033
8.71874110438318
-32.3483960424388
20.860502911251
-3.79871625373326
26.5726672334676
37.2259797513494
-13.5909595886458
15.0963041100235
-3.2709566574668
7.63480687462746
4.71177500623066
15.0691121094651
-1.34111665614373
-14.0566534852828
-31.031651495843
-41.0235057897147
-32.1475660514545
14.6887042199006
28.5229020212257
28.1263108291412
12.9883224048847
2.71929104025872
-20.3874070103604
-4.01283585439064
-14.431075077172
25.2493517747307
-25.8722649031093
10.074910150329
-12.3074468558113
43.0889193447963
32.962211733303
-14.4769326665268
-7.73720895150289
19.8809052705852
22.1755143666519
8.9577131813555
-16.7381883443486
36.0231282708033
31.1996183495752
-10.741990787928
-12.911204574255
26.6779400820141
-21.3306250498483
14.3100306986992
11.4863249697755
-19.9619211271307
47.562728388213
-14.3718461806577
12.1840325798874
-10.0393457460322
-20.4439149505012
1.40646193826676
-6.42860585867581
-4.95835125281945
18.2955363117395
8.6121451138955
-8.04042065419012
-11.1646709851343
-18.0623999342602
15.0256956853339
-27.5185790326437
-22.1195889179222
18.8038984962857
28.8800400814651
-25.4461294022092
-5.21795118568555
7.58901342937424
-5.87286357862411
